2 2 100.00
3 2 -100.00
3 3 100.00
4 2 -100.00
4 3 -99.51
4 4 -98.98
5 2 100.00
5 3 99.41
5 4 95.17
5 5 94.69
6 2 99.88
6 3 97.71
6 4 92.41
6 5 80.48
6 6 81.88
7 2 99.46
7 3 96.22
7 4 90.48
7 5 76.47
7 6 66.55
7 7 68.32
8 2 99.11
8 3 96.06
8 4 80.50
8 5 75.05
8 6 74.60
8 7 74.38
8 8 81.92
9 2 -98.03
9 3 88.89
9 4 60.07
9 5 38.13
9 6 67.88
9 7 78.31
9 8 79.40
9 9 74.73
10 2 -95.86
10 3 87.51
10 4 61.52
10 5 23.66
10 6 63.29
10 7 73.01
10 8 70.92
10 9 68.24
10 10 60.59
11 2 97.04
11 3 74.89
11 4 56.68
11 5 23.90
11 6 62.79
11 7 67.91
11 8 70.23
11 9 63.98
11 10 60.46
11 11 53.77
12 2 97.17
12 3 76.73
12 4 51.63
12 5 18.99
12 6 62.72
12 7 65.27
12 8 62.54
12 9 61.45
12 10 53.03
12 11 54.14
12 12 52.50
13 2 92.86
13 3 74.19
13 4 50.84
13 5 14.73
13 6 59.14
13 7 64.58
13 8 53.44
13 9 56.27
13 10 50.92
13 11 53.10
13 12 48.88
13 13 46.21
1 1 -100
1 2 100
1 3 100
1 4 -100
1 5 100
1 6 100
1 7 100
1 8 100
1 9 100
1 10 100
1 11 100
1 12 100
1 13 100