2 2 -100.00
2 3 -100.00
2 4 -100.00
2 5 -99.98
2 6 99.96
2 7 -99.75
2 8 99.65
3 2 -100.00
3 3 -100.00
3 4 -100.00
3 5 -99.85
3 6 99.58
3 8 99.91
4 2 -100.00
4 3 -100.00
4 4 -99.99
4 5 -99.47
4 6 99.05
4 7 99.76
4 8 99.78
5 2 -100.00
5 3 -100.00
5 4 -99.99
5 5 -99.05
5 6 99.19
5 7 98.80
5 8 98.68
6 2 -100.00
6 3 -100.00
6 4 -99.99
6 5 -99.04
6 6 98.17
7 2 -100.00
7 3 -100.00
7 4 -99.99
7 5 -99.11
8 2 -100.00
8 3 -100.00
8 4 -99.98
8 5 -99.59
3 7 -99.44
6 7 95.92
6 8 95.31
7 6 95.71
7 7 93.84
7 8 96.60
8 6 92.30
8 7 88.22
8 8 88.69
2 9 -99.39
2 10 99.35
3 9 -97.67
4 10 94.75
5 9 90.86
5 10 62.82
6 9 38.00
6 10 32.03
7 9 59.01
7 10 47.90
8 9 30.56
8 10 31.38
9 5 -99.09
9 6 52.98
9 7 39.57
9 8 42.76
9 9 25.21
9 10 24.52
10 5 -98.91
10 6 42.76
10 7 0.82
10 8 25.39
10 9 17.93
10 10 18.66
3 10 98.89
4 9 99.35
9 2 -100.00
9 3 -100.00
9 4 -99.94
10 2 -100.00
10 3 -100.00
10 4 -99.92